{
 "cells": [
  {
   "cell_type": "code",
   "execution_count": 1,
   "metadata": {},
   "outputs": [
    {
     "name": "stdout",
     "output_type": "stream",
     "text": [
      "[ 1.95177861 -0.14322201  0.55406896]\n",
      "[-0.31840981  0.12287842  0.93084188  0.13057362]\n"
     ]
    }
   ],
   "source": [
    "import numpy as np\n",
    "from scipy.spatial.transform import Rotation\n",
    "transform = {\n",
    "    \"cam0_camera_base\":np.array([\n",
    "        [\n",
    "            -0.7832018455811732,\n",
    "            -0.3175976553526907,\n",
    "            -0.5345340011568185,\n",
    "            1.97201649\n",
    "        ],\n",
    "        [\n",
    "            0.15946127661890502,\n",
    "            -0.9335475391651192,\n",
    "            0.3210312965706292,\n",
    "            -0.14115217\n",
    "        ],\n",
    "        [\n",
    "            -0.600971688465699,\n",
    "            0.16619482974275618,\n",
    "            0.781800683185595,\n",
    "            1.27146159\n",
    "        ],\n",
    "        [\n",
    "            0.0,\n",
    "            0.0,\n",
    "            0.0,\n",
    "            1.0\n",
    "        ]\n",
    "    ]),\n",
    "    \"ra_base_link\":np.array([\n",
    "        [\n",
    "            1.0,\n",
    "            0.0,\n",
    "            0.0,\n",
    "            0.0\n",
    "        ],\n",
    "        [\n",
    "            0.0,\n",
    "            1.0,\n",
    "            0.0,\n",
    "            0.0\n",
    "        ],\n",
    "        [\n",
    "            0.0,\n",
    "            0.0,\n",
    "            1.0,\n",
    "            0.7551\n",
    "        ],\n",
    "        [\n",
    "            0.0,\n",
    "            0.0,\n",
    "            0.0,\n",
    "            1.0\n",
    "        ]\n",
    "    ])\n",
    "    ,\"ICP_transform\":np.array(\n",
    "        [\n",
    "            [0.999450, -0.001704, -0.033131, 0.022731],\n",
    "            [0.001350, 0.999942, -0.010717, 0.008886],\n",
    "            [0.033148, 0.010666, 0.999394, -0.025385],\n",
    "            [0.000000, 0.000000, 0.000000, 1.000000]\n",
    "        ]\n",
    "    ),\n",
    "    \"cam0_rgb_link\":np.array([\n",
    "        [\n",
    "            0.31842582813078124,\n",
    "            0.5476966118699068,\n",
    "            -0.7737140384699324,\n",
    "            1.9855345041922787\n",
    "        ],\n",
    "        [\n",
    "            0.9331753409732655,\n",
    "            -0.32464135256597637,\n",
    "            0.15424582718363705,\n",
    "            -0.11211594046023274\n",
    "        ],\n",
    "        [\n",
    "            -0.16669965500461342,\n",
    "            -0.7711267169216478,\n",
    "            -0.6144711640679202,\n",
    "            1.2681138982911153\n",
    "        ],\n",
    "        [\n",
    "            0.0,\n",
    "            0.0,\n",
    "            0.0,\n",
    "            1.0\n",
    "        ]\n",
    "    ])\n",
    "}\n",
    "\n",
    "\n",
    "correct_result = transform[\"ICP_transform\"] @ transform[\"cam0_rgb_link\"]\n",
    "cam0_base_link2cam0depth_link = np.linalg.inv(transform[\"cam0_camera_base\"])@transform[\"cam0_rgb_link\"]\n",
    "\n",
    "ra_base_ling2cam0_base_link = np.linalg.inv(transform[\"ra_base_link\"])@correct_result @np.linalg.inv(cam0_base_link2cam0depth_link)\n",
    "print(ra_base_ling2cam0_base_link[:3,3])\n",
    "quer = Rotation.from_matrix(ra_base_ling2cam0_base_link[:3,:3]).as_quat()\n",
    "print(quer[[0,1,2,3]])"
   ]
  },
  {
   "cell_type": "code",
   "execution_count": 2,
   "metadata": {},
   "outputs": [
    {
     "ename": "SyntaxError",
     "evalue": "invalid syntax (4233721700.py, line 1)",
     "output_type": "error",
     "traceback": [
      "\u001b[0;36m  Cell \u001b[0;32mIn[2], line 1\u001b[0;36m\u001b[0m\n\u001b[0;31m    [ 1.96624209 -0.11517305  0.54985838]\u001b[0m\n\u001b[0m                              ^\u001b[0m\n\u001b[0;31mSyntaxError\u001b[0m\u001b[0;31m:\u001b[0m invalid syntax\n"
     ]
    }
   ],
   "source": [
    "[ 1.96624209 -0.11517305  0.54985838]\n",
    "[-0.27725376  0.11733101  0.94380295  0.13638099]"
   ]
  }
 ],
 "metadata": {
  "kernelspec": {
   "display_name": "Python 3",
   "language": "python",
   "name": "python3"
  },
  "language_info": {
   "codemirror_mode": {
    "name": "ipython",
    "version": 3
   },
   "file_extension": ".py",
   "mimetype": "text/x-python",
   "name": "python",
   "nbconvert_exporter": "python",
   "pygments_lexer": "ipython3",
   "version": "3.8.10"
  }
 },
 "nbformat": 4,
 "nbformat_minor": 2
}
