{
 "cells": [
  {
   "cell_type": "code",
   "execution_count": 1,
   "metadata": {},
   "outputs": [],
   "source": [
    "import numpy as np\n",
    "\n",
    "from scipy.spatial.transform import Rotation"
   ]
  },
  {
   "cell_type": "code",
   "execution_count": 2,
   "metadata": {},
   "outputs": [],
   "source": [
    "cam0_rgb_camera_link =  np.array([\n",
    "        [\n",
    "            0.31842582813078124,\n",
    "            0.5476966118699068,\n",
    "            -0.7737140384699324,\n",
    "            1.9855345041922787\n",
    "        ],\n",
    "        [\n",
    "            0.9331753409732655,\n",
    "            -0.32464135256597637,\n",
    "            0.15424582718363705,\n",
    "            -0.11211594046023274\n",
    "        ],\n",
    "        [\n",
    "            -0.16669965500461342,\n",
    "            -0.7711267169216478,\n",
    "            -0.6144711640679202,\n",
    "            1.2681138982911153\n",
    "        ],\n",
    "        [\n",
    "            0.0,\n",
    "            0.0,\n",
    "            0.0,\n",
    "            1.0\n",
    "        ]\n",
    "    ])"
   ]
  },
  {
   "cell_type": "code",
   "execution_count": 3,
   "metadata": {},
   "outputs": [],
   "source": [
    "model_transform = np.array([\n",
    "    [-0.211521 ,-0.367137 ,0.905798 ,0.946677] ,\n",
    "    [0.445006 ,-0.861309 ,-0.245188 ,0.192903 ],\n",
    "    [0.870189 ,0.351223 ,0.345563 ,0.715193 ],\n",
    "    [0.000000 ,0.000000, 0.000000 ,1.000000 ]\n",
    "])"
   ]
  },
  {
   "cell_type": "code",
   "execution_count": 4,
   "metadata": {},
   "outputs": [],
   "source": [
    "result_transoform = np.linalg.inv(cam0_rgb_camera_link)@model_transform"
   ]
  },
  {
   "cell_type": "code",
   "execution_count": 5,
   "metadata": {},
   "outputs": [
    {
     "name": "stdout",
     "output_type": "stream",
     "text": [
      "[[ 0.20285467 -0.97920698  0.00202085  0.04600882]\n",
      " [-0.93134267 -0.19230061  0.3092278  -0.24162842]\n",
      " [-0.30240896 -0.06461067 -0.95098635  1.19058048]\n",
      " [ 0.          0.          0.          1.        ]]\n"
     ]
    }
   ],
   "source": [
    "print(result_transoform)"
   ]
  },
  {
   "cell_type": "code",
   "execution_count": 6,
   "metadata": {},
   "outputs": [
    {
     "name": "stdout",
     "output_type": "stream",
     "text": [
      "[-0.12203287  0.76585591 -0.62366471 -0.09805632]\n",
      "[ 0.04600882 -0.24162842  1.19058048]\n"
     ]
    }
   ],
   "source": [
    "quat = Rotation.from_matrix(result_transoform[:3,:3])\n",
    "print(quat.as_quat()[[3,0,1,2]])\n",
    "print(result_transoform[:3,3])"
   ]
  }
 ],
 "metadata": {
  "kernelspec": {
   "display_name": "Python 3",
   "language": "python",
   "name": "python3"
  },
  "language_info": {
   "codemirror_mode": {
    "name": "ipython",
    "version": 3
   },
   "file_extension": ".py",
   "mimetype": "text/x-python",
   "name": "python",
   "nbconvert_exporter": "python",
   "pygments_lexer": "ipython3",
   "version": "3.8.10"
  }
 },
 "nbformat": 4,
 "nbformat_minor": 2
}
