{
 "cells": [
  {
   "cell_type": "code",
   "execution_count": 1,
   "metadata": {},
   "outputs": [
    {
     "name": "stdout",
     "output_type": "stream",
     "text": [
      "Jupyter environment detected. Enabling Open3D WebVisualizer.\n",
      "[Open3D INFO] WebRTC GUI backend enabled.\n",
      "[Open3D INFO] WebRTCWindowSystem: HTTP handshake server disabled.\n"
     ]
    }
   ],
   "source": [
    "import numpy as np\n",
    "import open3d as o3d"
   ]
  },
  {
   "cell_type": "code",
   "execution_count": 2,
   "metadata": {},
   "outputs": [],
   "source": [
    "def transform_mesh_with_matrix(transform_matrix,mesh):\n",
    "    vertices = np.asarray(mesh.vertices).copy() \n",
    "    vertices = np.hstack((vertices,np.ones((vertices.shape[0],1))),dtype=float).T\n",
    "    transformed_vertices = np.dot(transform_matrix[:3,:],vertices).T\n",
    "    mesh.vertices = o3d.utility.Vector3dVector(transformed_vertices)\n",
    "    return mesh\n"
   ]
  },
  {
   "cell_type": "code",
   "execution_count": 3,
   "metadata": {},
   "outputs": [
    {
     "name": "stdout",
     "output_type": "stream",
     "text": [
      "[[ 0.99655235  0.01653385  0.08130218 -0.07988709]\n",
      " [-0.01430979  0.99950933 -0.02786259  0.09206019]\n",
      " [-0.08172296  0.02660311  0.99629997  0.16477483]\n",
      " [ 0.          0.          0.          1.        ]]\n"
     ]
    }
   ],
   "source": [
    "rgb_transform_matrix = np.array(\n",
    "[       \n",
    "\n",
    "        [\n",
    "            0.31842582813078124,\n",
    "            0.5476966118699068,\n",
    "            -0.7737140384699324,\n",
    "            1.9855345041922787\n",
    "        ],\n",
    "        [\n",
    "            0.9331753409732655,\n",
    "            -0.32464135256597637,\n",
    "            0.15424582718363705,\n",
    "            -0.11211594046023274\n",
    "        ],\n",
    "        [\n",
    "            -0.16669965500461342,\n",
    "            -0.7711267169216478,\n",
    "            -0.6144711640679202,\n",
    "            1.2681138982911153\n",
    "        ],\n",
    "        [\n",
    "            0.0,\n",
    "            0.0,\n",
    "            0.0,\n",
    "            1.0\n",
    "        ]\n",
    "    \n",
    "        ]\n",
    ")\n",
    "depth_transform_matrix = np.array(\n",
    "    [\n",
    "        [\n",
    "            0.31759765535269063,\n",
    "            0.6134726533162566,\n",
    "            -0.7230373662180857,\n",
    "            1.9710543288144453\n",
    "        ],\n",
    "        [\n",
    "            0.9335475391651196,\n",
    "            -0.3359408957336286,\n",
    "            0.12503082296952778,\n",
    "            -0.14057431367609913\n",
    "        ],\n",
    "        [\n",
    "            -0.16619482974275596,\n",
    "            -0.7146992501792624,\n",
    "            -0.6793999266705708,\n",
    "            1.2728688312055607\n",
    "        ],\n",
    "        [\n",
    "            0.0,\n",
    "            0.0,\n",
    "            0.0,\n",
    "            1.0\n",
    "        ]\n",
    "    ]\n",
    ")\n",
    "transform_matrix = np.dot(rgb_transform_matrix,np.linalg.inv(depth_transform_matrix))\n",
    "print(transform_matrix)\n"
   ]
  },
  {
   "cell_type": "code",
   "execution_count": 4,
   "metadata": {},
   "outputs": [
    {
     "name": "stdout",
     "output_type": "stream",
     "text": [
      "\u001b[1;33m[Open3D WARNING] geometry::TriangleMesh appears to be a geometry::PointCloud (only contains vertices, but no triangles).\u001b[0;m\n"
     ]
    },
    {
     "data": {
      "text/plain": [
       "True"
      ]
     },
     "execution_count": 4,
     "metadata": {},
     "output_type": "execute_result"
    }
   ],
   "source": [
    "mesh = o3d.io.read_triangle_mesh(\"/home/tony/mine/Projects/ArmHandVis/HandVersion/HandArmFiles/ARM_HAND_URDF/yyx_tmp/hand_ICP/hand_ICP_backup/3/transform_environment.ply\")\n",
    "mesh = transform_mesh_with_matrix(transform_matrix,mesh)\n",
    "o3d.io.write_triangle_mesh(\"/home/tony/mine/Projects/ArmHandVis/HandVersion/HandArmFiles/ARM_HAND_URDF/yyx_tmp/hand_ICP/hand_ICP_backup/3/normal_environment.ply\",mesh)"
   ]
  }
 ],
 "metadata": {
  "kernelspec": {
   "display_name": "Python 3",
   "language": "python",
   "name": "python3"
  },
  "language_info": {
   "codemirror_mode": {
    "name": "ipython",
    "version": 3
   },
   "file_extension": ".py",
   "mimetype": "text/x-python",
   "name": "python",
   "nbconvert_exporter": "python",
   "pygments_lexer": "ipython3",
   "version": "3.8.10"
  }
 },
 "nbformat": 4,
 "nbformat_minor": 2
}
